%YAML:1.0
---
K: !!opencv-matrix
   rows: 3
   cols: 3
   dt: d
   data: [ 1.1729673858009944e+03, 0., 9.5614124220859276e+02, 0.,
       1.1723609620653763e+03, 5.0215099389621020e+02, 0., 0., 1. ]
D: !!opencv-matrix
   rows: 1
   cols: 5
   dt: d
   data: [ 8.1008279121577390e-02, -2.4815692397091577e-01,
       1.1815867096866873e-03, -3.0025936976759535e-03,
       2.9461895863460619e-01 ]
